0.0806637
0.631314
0.29875
0.251903
0.295915
0.0988387
0.240065
0.274103
0.373923
0.321685
0.193976
0.349022
0.605955
0.274309
0.615154
0.521342
0.219095
0.190869
0.350276
0.321095
0.228887
0.242319
0.585951
0.449198
0.736061
0.245756
0.642875
0.171922
0.48002
0.129563
0.239069
0.326474
0.32936
0.291518
0.334474
0.20519
0.475366
0.3253
0.127121
0.269791
0.193566
0.341264
0.205815
0.567981
0.555094
0.13607
0.430587
0.0776271
0.590309
0.370217
0.427744
0.340832
0.544948
0.633459
0.393097
0.166485
0.136686
0.199642
0.124195
0.722599
0.213433
0.238378
0.0950982
0.355827
0.600158
0.602343
0.249373
0.481537
0.478432
0.623923
0.285454
0.159403
0.276028
0.621081
0.656953
0.427684
0.211748
0.705284
0.371943
0.2673
0.317913
0.335406
0.325605
0.188985
0.251155
0.132332
0.287294
0.280441
0.288808
0.306041
0.248383
0.14608
0.681952
0.155833
0.292987
0.114289
0.605067
0.129702
0.302489
0.165211
0.539153
0.245765
0.097033
0.107781
0.355672
0.266656
0.173747
0.0859284
0.126441
0.428441
0.2765
0.256979
0.482785
0.321218
0.558553
0.138036
0.189935
0.371022
0.471844
0.489398
0.643381
0.0924846
0.652956
0.222143
0.111103
0.388983
0.158882
0.317612
0.273696
0.174858
0.177173
0.387578
0.392188
0.133382
0.163683
0.115537
0.139613
0.269446
0.450929
0.151952
0.300612
0.508529
0.538776
0.35558
0.243003
0.148594
0.443636
0.251589
0.270397
0.371543
0.655957
0.179867
0.158359
0.374886
0.219134
0.176115
0.537647
0.24684
0.385314
0.381512
0.309337
0.19427
0.609043
0.281942
0.313227
0.242835
0.374725
0.222508
0.586769
0.357173
0.138385
0.170324
0.109552
0.196384
0.159753
0.454948
0.417702
0.312639
0.697938
0.637681
0.306178
0.457526
0.610205
0.0719647
0.605076
0.368649
0.593815
0.245352
0.380759
0.256812
0.310481
0.313694
0.235557
0.265147
0.390499
0.189036
0.508516
0.339884
0.305568
0.364732
0.302736
0.270473
0.566945
0.587215
0.324902
0.327208
0.274138
0.282216
0.656902
0.148118
0.193855
0.181459
0.277643
0.509043
0.360457
0.468648
0.294446
0.268608
0.64881
0.186748
0.552955
0.283294
0.692365
0.195298
0.486055
0.411519
0.141163
0.24168
0.127908
0.301305
0.262451
0.551241
0.124979
0.131972
0.409819
0.149018
0.301625
0.182425
0.535685
0.615106
0.675586
0.535796
0.388075
0.1711
0.196474
0.319555
0.53557
0.313509
0.426107
0.337883
0.577239
0.148674
0.44961
0.213906
0.150912
0.129046
0.104219
0.166488
0.481791
0.205614
0.22942
0.196804
0.51824
0.342106
0.356849
0.147589
0.348846
0.133978
0.345624
0.161753
0.48064
0.101175
0.640584
0.260681
0.188237
0.455525
0.301882
0.260527
0.26957
0.290967
0.353058
0.220801
0.382828
0.365039
0.32388
0.256989
0.16041
0.379465
0.415054
0.1748
0.288786
0.393031
0.193724
0.358064
0.131225
0.133576
0.530618
0.14722
0.183397
0.133046
0.261926
0.528293
0.384787
0.235072
0.292742
0.576957
0.47158
0.230209
0.377779
0.246747
0.142436
0.224971
0.203023
0.30921
0.668026
0.274125
0.327764
0.299815
0.189207
0.31293
0.152847
0.324447
0.443744
0.252183
0.511158
0.197746
0.704048
0.322261
0.244222
0.365697
0.635315
0.467374
0.199883
0.327716
0.151162
0.387545
0.344447
0.235874
0.269444
0.21475
0.395402
0.12402
0.217873
0.658629
0.233752
0.288761
0.328298
0.471536
0.356882
0.643812
0.710419
0.277343
0.27209
0.331367
0.312481
0.390132
0.594968
0.171157
0.0978713
0.253596
0.227326
0.605748
0.549725
0.138593
0.511122
0.356879
0.152678
0.324609
0.596431
0.306565
0.335922
0.593717
0.529526
0.325227
0.601441
0.580143
0.334918
0.364683
0.290989
0.209564
0.0723035
0.0932142
0.402982
0.320601
0.352809
0.502853
0.177157
0.309898
0.138928
0.22196
0.402701
0.770625
0.346501
0.485418
0.148804
0.646598
0.103347
0.571491
0.154051
0.08534
0.656724
0.360125
0.630691
0.244535
0.31221
0.453158
0.254834
0.457306
0.3728
0.339449
0.275463
0.53741
0.422893
0.166156
0.659754
0.203516
0.13093
0.176469
